1.882645521678488976e+01 3.679085913108096628e-01 4.620156946847675528e-01
2.053903997163919826e+01 2.322648046553487389e-01 3.017940003256666115e-01
1.856056320085285094e+01 5.902923980513198332e-01 1.885020533875769733e-01
2.075481886498939588e+01 5.185209159652562905e-01 9.517035372336768440e-02
2.003560923345358447e+01 1.382101647820232482e-01 4.359345384568769077e-02
1.819904895359723085e+01 1.890173491858187227e-01 2.465341322574433058e-01
1.837956745413864112e+01 6.042226977056069925e-01 3.241761124770022318e-01
2.111523491493262128e+01 1.342083756106832171e-01 4.231521294802376848e-02
2.172333763915609595e+01 5.280302849210636307e-01 -4.846486746199724950e-03
1.953355922370885622e+01 9.431886133822218188e-01 4.497843919892769438e-01
2.139661307056958606e+01 2.751158652387762915e-01 3.254886715373089129e-02
1.952889568208494353e+01 9.882467523967781997e-02 2.411157559828247254e-01
1.779568050327293705e+01 4.780560572330808666e-01 -9.980742905408873655e-02
1.507826875963897706e+01 3.962174382615309409e-01 2.794059952568425306e-02
