4.896794596983385262e+00 3.733239173031330238e-02 1.170296928879138200e-02
5.207208837439906368e+00 1.573196478337552662e-01 4.971823805115265643e-02
5.287881713433332465e+00 1.649861065146695505e-01 5.218583525719130284e-02
5.612318335774141076e+00 3.285964532809701466e-02 1.029972786355580830e-02
5.612318335774141076e+00 3.285964532809701466e-02 1.029972786355580830e-02
4.848309936074911342e+00 7.043967173208283417e-02 2.210883788537545275e-02
5.154658553875701266e+00 1.316312438677288976e-01 6.883868675068799403e-02
5.756642371421929916e+00 5.648592005885610251e-02 3.495471184067865389e-01
5.767434056853369739e+00 3.438982114788052824e-02 1.077974091697653410e-02
5.313487100573221156e+00 7.860802881137389508e-02 2.468306970110027004e-02
5.373958835747612461e+00 6.956505969763290831e-02 -1.977737707881752766e-02
5.010501944740402891e+00 1.333419763766686104e-02 4.178242719802735192e-03
5.010501944740402891e+00 1.333419763766686104e-02 4.178242719802735192e-03
4.210946047712084805e+00 1.758721960783211358e-01 5.570084555156915723e-02
